#eps = 0.04
#minsamples = 25
#topKWs = 6
#kProb = 2

0.01 20 8942.0 932.0 0.49226848207
0.01 25 8892.0 982.0 0.499825423602
0.01 30 8863.0 1011.0 0.504317826921
0.01 35 8853.0 1021.0 0.502208164841
0.01 40 8841.0 1033.0 0.503097507823
0.01 45 8829.0 1045.0 0.506091763884
0.01 50 8833.0 1041.0 0.504997437639

0.02 20 9058.0 816.0 0.460488650916
0.02 25 8992.0 882.0 0.462700198324
0.02 30 8958.0 916.0 0.467943127186
0.02 35 8901.0 973.0 0.490513631427
0.02 40 8861.0 1013.0 0.495282377835
0.02 45 8880.0 994.0 0.498175553679
0.02 50 8863.0 1011.0 0.501031334386

0.04 20 9180.0 694.0 0.460751517792
0.04 25 9121.0 753.0 0.448761851771
0.04 30 9095.0 779.0 0.458799054426
0.04 35 9057.0 817.0 0.454219423282
0.04 40 9054.0 820.0 0.462968014137
0.04 45 8998.0 876.0 0.468824953693
0.04 50 8953.0 921.0 0.46434128039

0.06 20 9222.0 652.0 0.486400654233
0.06 25 9193.0 681.0 0.475617226876
0.06 30 9172.0 702.0 0.466229357465
0.06 35 9154.0 720.0 0.462862653849
0.06 40 9123.0 751.0 0.451207777047
0.06 45 9085.0 789.0 0.456972988442
0.06 50 9067.0 807.0 0.454517993824

0.08 20 9264.0 610.0 0.496260567789
0.08 25 9237.0 637.0 0.493993524232
0.08 30 9195.0 679.0 0.479951214428
0.08 35 9198.0 676.0 0.476648378271
0.08 40 9187.0 687.0 0.479510210079
0.08 45 9168.0 706.0 0.463594924375
0.08 50 9129.0 745.0 0.463962496805

0.1 20 9287.0 587.0 0.506622522523
0.1 25 9246.0 628.0 0.505795232172
0.1 30 9247.0 627.0 0.500146598897
0.1 35 9221.0 653.0 0.4868472653
0.1 40 9210.0 664.0 0.488478099891
0.1 45 9189.0 685.0 0.478740918489
0.1 50 9162.0 712.0 0.470165713454

0.12 20 9287.0 587.0 0.518410620581
0.12 25 9275.0 599.0 0.513027018868
0.12 30 9247.0 627.0 0.509103738149
0.12 35 9242.0 632.0 0.505811894972
0.12 40 9236.0 638.0 0.497239248592
0.12 45 9237.0 637.0 0.494964582657
0.12 50 9209.0 665.0 0.485741441344

0.15 20 9262.0 612.0 0.516768671273
0.15 25 9275.0 599.0 0.517215807727
0.15 30 9262.0 612.0 0.519065588786
0.15 35 9253.0 621.0 0.517381049389
0.15 40 9266.0 608.0 0.510591934672
0.15 45 9249.0 625.0 0.50909460302
0.15 50 9226.0 648.0 0.50301741094



